January 10 2018 23 28
January 11 2018 23 30
January 12 2018 18 25
February 1 2018 20 27
February 2 2018 21 28
February 3 2018 19 26
March 5 2018 15 22
March 6 2018 17 23
April 10 2018 10 18
April 11 2018 12 20
May 15 2018 14 21
May 16 2018 16 25
June 20 2018 18 30
June 21 2018 20 33
July 4 2018 22 34
July 5 2018 23 35
August 8 2018 24 36
August 9 2018 25 38
September 10 2018 22 32
September 11 2018 20 31
October 12 2018 18 29
October 13 2018 17 28
November 15 2018 15 27
November 16 2018 14 26
December 20 2018 10 19
December 21 2018 9 18
